1741200708199 0.006097560748457909 0
1741200708433 0.0 1
1741200708594 0.0 2
1741200708753 0.0 3
1741200708885 0.0 4
1741200709017 0.0 5
1741200709154 0.0 6
1741200709294 0.0 7
1741200709432 0.0 8
1741200709566 0.0 9
1741200709702 0.0 10
1741200709829 0.0 11
1741200709973 0.006097560748457909 12
1741200710100 0.012195121496915817 13
1741200710228 0.09146341681480408 14
1741200710373 0.2073170691728592 15
1741200710504 0.23170731961727142 16
1741200710625 0.19512194395065308 17
1741200710751 0.2926829159259796 18
1741200710879 0.353658527135849 19
1741200711004 0.29878050088882446 20
1741200711130 0.2621951103210449 21
1741200711262 0.24390244483947754 22
1741200711387 0.25609755516052246 23
1741200711534 0.31707316637039185 24
1741200711680 0.3109756112098694 25
1741200711803 0.26829269528388977 26
1741200711921 0.29878050088882446 27
1741200712040 0.37195122241973877 28
1741200712169 0.4085365831851959 29
1741200712296 0.42073169350624084 30
1741200712421 0.48170730471611023 31
1741200712555 0.4878048896789551 32
1741200712690 0.49390244483947754 33
1741200712818 0.5060975551605225 34
1741200712941 0.5182926654815674 35
1741200713028 0.5548780560493469 36
1741200713159 0.5060975551605225 37
1741200713285 0.47560974955558777 38
1741200713420 0.48170730471611023 39
1741200713536 0.45121949911117554 40
1741200713640 0.48170730471611023 41
1741200713752 0.5365853905677795 42
1741200713866 0.5 43
1741200713962 0.46341463923454285 44
1741200714056 0.5304877758026123 45
1741200714149 0.5304877758026123 46
1741200714251 0.542682945728302 47
1741200714346 0.5243902206420898 48
1741200714433 0.5121951103210449 49
1741200714522 0.5304877758026123 50
1741200714625 0.5365853905677795 51
1741200714718 0.5304877758026123 52
1741200714811 0.5365853905677795 53
1741200714901 0.5 54
1741200714987 0.4451219439506531 55
1741200715073 0.49390244483947754 56
1741200715164 0.5304877758026123 57
1741200715256 0.5670731663703918 58
1741200715342 0.5609756112098694 59
1741200715430 0.542682945728302 60
1741200715514 0.5304877758026123 61
1741200715603 0.5792682766914368 62
1741200715705 0.5731707215309143 63
1741200715792 0.5609756112098694 64
1741200715880 0.6036585569381714 65
1741200715969 0.5487805008888245 66
1741200716058 0.5609756112098694 67
1741200716146 0.5487805008888245 68
1741200716233 0.5670731663703918 69
1741200716319 0.542682945728302 70
1741200716405 0.5365853905677795 71
1741200716494 0.5975610017776489 72
1741200716580 0.5731707215309143 73
1741200716667 0.6036585569381714 74
1741200716761 0.542682945728302 75
1741200716849 0.5975610017776489 76
1741200716935 0.5670731663703918 77
1741200717023 0.5792682766914368 78
1741200717109 0.5304877758026123 79
1741200717202 0.5975610017776489 80
1741200717286 0.5548780560493469 81
1741200717376 0.5975610017776489 82
1741200717464 0.5670731663703918 83
1741200717553 0.5731707215309143 84
1741200717651 0.5914633870124817 85
1741200717757 0.5365853905677795 86
1741200717844 0.5487805008888245 87
1741200717929 0.5487805008888245 88
1741200718016 0.5792682766914368 89
1741200718106 0.5487805008888245 90
1741200718196 0.5365853905677795 91
1741200718282 0.542682945728302 92
1741200718369 0.5365853905677795 93
1741200718454 0.5243902206420898 94
1741200718544 0.5548780560493469 95
1741200718633 0.5853658318519592 96
1741200718722 0.5731707215309143 97
1741200718821 0.5792682766914368 98
1741200718911 0.5731707215309143 99
