1741200708199 0.6529673933982849 0
1741200708433 0.5734695792198181 1
1741200708594 0.5082902908325195 2
1741200708753 0.45864203572273254 3
1741200708885 0.4178963601589203 4
1741200709017 0.3699648082256317 5
1741200709154 0.3234920799732208 6
1741200709294 0.28603866696357727 7
1741200709432 0.2532118856906891 8
1741200709566 0.2262975126504898 9
1741200709702 0.20541609823703766 10
1741200709829 0.18856114149093628 11
1741200709973 0.1757410168647766 12
1741200710100 0.16546845436096191 13
1741200710228 0.1581219732761383 14
1741200710373 0.15219897031784058 15
1741200710504 0.14709948003292084 16
1741200710625 0.14344629645347595 17
1741200710751 0.14007556438446045 18
1741200710879 0.13691814243793488 19
1741200711004 0.13411806523799896 20
1741200711130 0.13163718581199646 21
1741200711262 0.12925301492214203 22
1741200711387 0.1269502192735672 23
1741200711534 0.1245739534497261 24
1741200711680 0.1226751059293747 25
1741200711803 0.120171457529068 26
1741200711921 0.1181611642241478 27
1741200712040 0.11595381796360016 28
1741200712169 0.11413497477769852 29
1741200712296 0.1122971847653389 30
1741200712421 0.11052989959716797 31
1741200712555 0.10854289680719376 32
1741200712690 0.10690753161907196 33
1741200712818 0.10509252548217773 34
1741200712941 0.10344215482473373 35
1741200713028 0.10177716612815857 36
1741200713159 0.10008836537599564 37
1741200713285 0.09829910844564438 38
1741200713420 0.09703605622053146 39
1741200713536 0.0953681543469429 40
1741200713640 0.09384585171937943 41
1741200713752 0.09228350222110748 42
1741200713866 0.09040990471839905 43
1741200713962 0.08891762793064117 44
1741200714056 0.08729595690965652 45
1741200714149 0.08576551079750061 46
1741200714251 0.08412275463342667 47
1741200714346 0.08249500393867493 48
1741200714433 0.08089257776737213 49
1741200714522 0.07925551384687424 50
1741200714625 0.0772513896226883 51
1741200714718 0.07573019713163376 52
1741200714811 0.07392174005508423 53
1741200714901 0.07198480516672134 54
1741200714987 0.07012347131967545 55
1741200715073 0.06817226856946945 56
1741200715164 0.06628668308258057 57
1741200715256 0.06457933783531189 58
1741200715342 0.06271658092737198 59
1741200715430 0.061403680592775345 60
1741200715514 0.05971314385533333 61
1741200715603 0.05808002129197121 62
1741200715705 0.05656731501221657 63
1741200715792 0.05557533726096153 64
1741200715880 0.05425166338682175 65
1741200715969 0.05313469097018242 66
1741200716058 0.051569223403930664 67
1741200716146 0.05052879452705383 68
1741200716233 0.04909343272447586 69
1741200716319 0.04787031188607216 70
1741200716405 0.046700213104486465 71
1741200716494 0.0455937422811985 72
1741200716580 0.044430509209632874 73
1741200716667 0.04349171370267868 74
1741200716761 0.04248068481683731 75
1741200716849 0.041734687983989716 76
1741200716935 0.04143214225769043 77
1741200717023 0.04036758095026016 78
1741200717109 0.03945683315396309 79
1741200717202 0.03858248516917229 80
1741200717286 0.03747613728046417 81
1741200717376 0.03678036481142044 82
1741200717464 0.03572165220975876 83
1741200717553 0.034918755292892456 84
1741200717651 0.03462189435958862 85
1741200717757 0.03366440162062645 86
1741200717844 0.03268904983997345 87
1741200717929 0.03189773112535477 88
1741200718016 0.031237313523888588 89
1741200718106 0.030471578240394592 90
1741200718196 0.02974976785480976 91
1741200718282 0.02910528890788555 92
1741200718369 0.02846035361289978 93
1741200718454 0.02791566029191017 94
1741200718544 0.027151497080922127 95
1741200718633 0.02655811421573162 96
1741200718722 0.02600484900176525 97
1741200718821 0.025581417605280876 98
1741200718911 0.024970581755042076 99
